01451
01453
01460
01545
01701
01702
01719
01720
01721
01730
01731
01741
01742
01748
01760
01773
01776
01778
01801
01803
01810
01821
01824
01826
01844
01845
01862
01864
01867
01876
01880
01887
01890
01902
01905
01906
01907
01908
01915
01923
01930
01938
01940
01945
01960
01970
02021
02026
02038
02043
02062
02067
02072
02090
02108
02109
02111
02113
02114
02115
02116
02118
02119
02120
02121
02122
02124
02125
02126
02127
02128
02129
02130
02131
02132
02134
02135
02136
02138
02139
02140
02141
02142
02143
02144
02145
02148
02149
02150
02151
02152
02155
02169
02170
02171
02176
02180
02184
02186
02188
02189
02190
02210
02215
02301
02302
02343
02360
02368
02420
02421
02445
02446
02451
02452
02453
02458
02459
02460
02461
02465
02466
02467
02468
02472
02474
02476
02478
02481
02482
02492
02493
02494
02540
02703
02906
03038
03079
